009313 0.000921 0.024728 0.001964 -0.032038 

Weights:

0.026880 0.024585 0.001595 0.031496 -0.027292 0.026713 -0.025394 -0.003724 0.026435 0.005415 -0.008657 0.009313 0.000921 0.024728 0.001964 -0.032038 
0.027712 0.015819 -0.029873 -0.013763 -0.011659 -0.002852 -0.031343 -0.003837 -0.006386 0.011521 -0.035591 0.015742 -0.003758 0.027767 0.000365 -0.012592 
0.016638 -0.033754 -0.016811 0.025060 0.028673 -0.006490 -0.014378 0.019394 0.034639 0.012679 -0.007008 -0.000154 0.001693 0.030671 0.003523 -0.006309 
0.010776 0.009365 0.015642 0.034831 -0.029201 0.020013 -0.004720 0.000127 -0.004180 -0.004596 -0.019845 0.027777 -0.012544 0.016234 -0.020530 -0.031620 
0.018195 -0.001626 0.029154 0.011154 0.027598 -0.020938 -0.005167 0.026523 0.027455 0.023540 -0.009344 -0.006566 0.018497 0.029893 0.022839 -0.006442 
0.003543 0.002767 -0.007325 0.010056 -0.012934 0.023669 -0.025531 0.018600 -0.016641 -0.009662 0.010663 0.006530 -0.029142 0.025847 0.010624 0.024767 
-0.011493 0.004064 0.000207 -0.019609 0.018840 0.030754 -0.028800 0.010581 0.018580 -0.002430 -0.031700 0.001362 -0.008251 0.026853 0.030634 0.031006 
-0.006095 -0.012405 0.005348 0.016685 -0.024450 0.015532 -0.000429 -0.005377 -0.029844 -0.025481 -0.034561 -0.023272 -0.035347 0.011777 -0.034219 -0.011126 
-0.019874 0.001702 0.004980 0.034680 -0.003258 0.011894 0.009546 -0.020393 -0.026249 0.013561 0.016684 0.001214 0.004699 0.011603 -0.003494 0.034319 
0.034912 -0.033861 0.015289 -0.025252 0.017385 -0.020854 0.005085 0.023255 -0.010620 0.006238 0.035698 -0.010254 -0.017699 -0.034236 0.014335 -0.001859 


------------------

Outputs
Biases:

0.026880 0.024585 0.001595 0.031496 -0.027292 0.026713 -0.025394 -0.003724 0.026435 0.005415 

